1574553600
1586131200
1594944000
1595030400
1595116800
1595203200
1595289600
1595376000
1595462400
1595548800
1595635200
1595808000
1595894400
1595980800
1596067200
1596153600
1596240000
1596326400
1596412800
1596499200
1596672000
1596758400
1596844800
1596931200
1597017600
1597104000
1597190400
1597276800
1597363200
1597449600
1597536000
1597708800
1599091200
1599696000
1599782400
1601164800
1601251200
1601337600
1602460800
1602806400
1586131200
1594944000
1595030400
1595116800
1595203200
1595289600
1595376000
1595462400
1595548800
1595635200
1595808000
1595894400
1595980800
1596067200
1596153600
1596240000
1596326400
1596412800
1596499200
1596672000
1596758400
1596844800
1596931200
1597017600
1597104000
1597190400
1597276800
1597363200
1597449600
1597536000
1597708800
1599091200
1599696000
1599782400
1601164800
1601251200
1601337600
1602460800
1602806400
1602892800
1602979200
1603065600
